Output from GPU

5393.000000
1190.000000
7142.000000
5286.000000
3511.000000
6181.000000
8170.000000
4859.000000
4792.000000
2336.000000
2362.000000

0.000000
-5368.785645
5967.694824
272.838867
2204.638672
1319.064453
7118.521484
1362.353760
-354.637207
-1189.755371
-813.025879

0.000000
0.000000
7624.493652
-2215.405762
6911.023438
6411.030273
5090.887695
7506.320313
-1007.031494
2361.152100
2889.492676

0.000000
0.000000
0.000000
-4069.698242
4373.708984
4539.282715
-4091.599609
6575.411621
-794.224121
1708.938721
3013.477295

0.000000
-0.000302
0.000000
0.000000
3098.344238
3039.949219
-2607.675781
2713.676758
1142.339233
-708.401855
2639.946777

0.000000
-0.000302
0.000000
0.000000
0.000000
3039.581299
-280.262939
758.655518
-1859.588501
-3880.672852
-483.786133

0.000000
-0.000541
0.000000
-0.000373
0.000000
0.000000
267.949280
-3599.309326
-1594.545410
-7614.015625
-831.454590

0.000000
-0.000516
0.000000
-0.000345
0.000000
0.000000
0.000000
-3129.551758
-1618.200684
-7437.869629
-381.913391

0.000000
-0.000038
0.000000
-0.000017
0.000000
0.000001
0.000000
0.000000
-400.480103
-783.089844
148.193787

0.000000
0.000008
0.000000
0.000017
0.000000
0.000001
0.000000
0.000000
0.000000
16.707031
237.592667


                UNKNOWNS

[x0] = +21.119781
[x1] = -8.602757
[x2] = +20.953381
[x3] = +15.979206
[x4] = +8.272899
[x5] = +3.375248
[x6] = -23.338612
[x7] = -19.106806
[x8] = -28.177696
[x9] = +14.221118

Kernel Performance...

Execution Time = 0.018784 miliseconds